macro: 0.4746363042123345
micro: 0.5833333333333334
weighted: 0.624820749028371
Accuracy: 0.5833